15
18.8625
15.01
15.01
15
15.02
15.35
15.01
15.01
15.22
14.99
14.93
18.75
23.21
24.11
19.7
20.21
23.48
6.224
20.18
15
16.8
24.95
24.34
19.83
28.04
17.22
19.4
15.58
10.41
8.829
21.18
18.24
13.79
15.79
17.22
24.9225
27.18
14.77
5.624
18.235
5.72
22.08
20.62
24.94
1.016
16.205
23.81
19.93
14.21
8.781
24.905
27.51
24.585
15.35
24.34
21.43
14.62
17.21
27.51
20.21
22.98
9.023
0.532
22.52
3.379
21.27
22.03
20.48
5.387
16.65
14.81
21.38
15.9
20.415
22.65
20.92
17.55
28.57
21.13
16.855
8.698
11.76
23.19
15.59
21.31
12.35
1.186
29.79
27.13
18.46
15.91
28.37
4.505
16.145
24.405
11.8
18.94
16.34
21.3325
13.9
15.3025
6.158
9.25
7.083
27.98
2.667
23.59
4.567
10.18
13.69
27.595
4.955
6.051
16.03
19.115
22.66
15.23
21.32
12.59
4.471
2.158
29.31
9.315
8.11
23.84
10.23
18.57
3.36
23.94
21.33
18.285
13.64
23.38
21.25
14.05
18.41
14.1
16.33
23.1
10.94
20.5
29.54
14.99
6.422
13.2
13.85
2.605
20.835
19.025
18.625
19.81
18.52
24.56
6.504
13.4
26.66
28.775
4.155
19.1975
15.46
15.61
16.93
26.305
2.357
15.72
18.93
3.743
11.58
25.33
15.13
28.695
7.109
6.167
15.08
8.834
19.44
23.535
5.133
26.485
15.95
5.123
0.095
5.397
19.57
17.49
15.71
24.08
1.921
16
20.085
15.38
21.995
5.029
17.02
20.33
1.236
7.359
12.97
29.2
11.24
25.83
8.078
16.25
18.375
28.85
9.252
22.525
17.265
28.52
20.19
24.35
28.385
21.935
12.79
1.485
16.05
19.72
15.0325
3.967
3.825
13.64
9.79
4.63
25.62
28.88
4.158
7.425
5.609
15.975
28.055
16.12
28.24
5.136
23.475
15.61
16.4075
6.108
23.24
28.2
12.57
24.5325
29.025
17.4
15.4453125
21.04
20.825
15.45
19.91
16.4
3.219
19.01
8.335
14.43
4.842
22.31
24.98
16.04
13.49
1.626
18.7
27.0625
1.663
5.947
13.62
26.36
16.565
6.772
13.42
2.491
0.089
13.01
16.88
14.99
14.98
23.7375
21.81
3.775
1.632
18.765
17.1275
6.142
19.965
1.47
25.3
21.4
18.77
21.525
16.73
9.494
3.164
18.7375
11.4
25.685
16.385
17.66
1.342
1.448
20.01
24.0075
18.95
22.47
20.48
5.188
17.8
15.56
17.65
15.695
12.18
21.735
8.232
1.026
6.358
24.25
1.609
15.62
14.9
7.898
25.35
15.4125
25.97
15.25
16.53
15.82
15.0475
20.171875
2.026
18.94
7.053
25.0625
25.2
15.325
3.908
12.45
4.888
11.87
9.079
17.34
17.095
27.405
15.08
4.259
1.166
15.555
15.55
9.33
13.32
22.5125
7.724
17.195
10.03
17.91
28.3
4.571
0.685
27.375
1.612
15.83
16.78
17.47
13.95
16.075
18.7
5.493
16.0225
2.281
22.65
16.42
10.1
11.09
28.85
16.27
18.01
29.25
0.202
15.67
16.35
9.104
18.33
15.12
27.16
15.24
2.447
14.56
10.24
16.445
10.03
9.877
27.96
2.405
18.135
10.66
22.22
15.121875
22.54
29.675
18.99
21.305
27.5
15.04
16.5275
22.6125
19.75
24.725
12.32
15.55
21.89
18.065
11.24
11.92
5.835
18.5475
12.94
21.3875
18.1425
15.65
3.336
25.65
17.185
25.09
15.375
23.91
15.02
28.71
27.31
13.06
20.29
23.32
12.09
23.275
1.688
1.15
15.25
10.21
26.45
25.475
14.23
25.37
25.99
23.53
26.32
14.62
18.56875
17.33
21.605
15.25
14.62
2.363
15.775
20.62
22.64
7.525
16.55
14.54
20.205
4.964
28.28
15.815
15.73125
9.884
22.753125
15.7
21.06
5.881
15.04
29.71
18.18
6.25
14.84
21.95
14.97
22.15
22.48
24.14
15.12
11.78
18.68
18.4
20.35
22.38
15.43
2.597
16.21
16.75
15.22
24.82
11.67
16.84
16.2
18
21.66
4.881
19.55
25.66
21.28
16.94
28.15
15.85
22.79
24.73
20.46
22.35
17.13
18.09
18.09
20.78
22.36
0.522
0.488
17.67
17.67
16.15
20.79
1.3
19.62
10.89
14.3
16.47
25.95
15.44
15.89
22.12
21.82
16.49
0.761
7.254
18.02
23.14
25.23
23.14
25.49
15.72
22.03
16.84
16.69
24.05
28.4
20.28
8.546
27.57
20.56
17.19
15.06
15.11
21.05
6.347
24.1
24.06
20.27
20.36
22.3
28.38
17.54
23.95
24.36
16.01
24.01
17.54
12.21
26.71
25.47
0.976
6.458
7.957
28.95
8.612
24.36
18.85
14.16
23.17
18.31
18.93
22.9
19.19
21.26
20.02
19.86
24.21
4.847
24.35
25.64
20.91
20.63
20.61
19.15
27.98
16.24
20.88
22.06
25
23.94
22.88
20.1
22.87
28.42
21.87
21.07
23.83
14.95
27.05
28.86
20.35
25.07
14.9
22.79
20.8
21.09
12.38
15.39
29.2
13.36
29.4
19.75
24.59
18.72
23.19
19.63
23.03
24.1
23.1
20.22
18.95
14.69
6.259
19.34
24.48
28
5.589
14.19
20.85
23.22
10.81
27.71
27.89
7.497
11.87
29.17
19.92
11.99
18.74
29.67
23.43
19.19
18.64
12.24
20.34
19.29
20.39
29.7
18.92
17.3
18.72
26.97
15.63
21.45
28.79
22.68
14.54
27.83
29.62
24.76
20.69
23.03
20.72
14.84
11.61
27.35
24.95
0.56
15.06
29.13
10.79
18.25
19.32
21.56
14.94
27.33
29.24
22.04
30
29.72
13.9
15.18
28.36
24.66
18.9
16.13
17.72
20.68
29.25
22.76
14.9
28.75
18.83
20.91
22.28
17.18
16.57
13.74
27.66
7.233
25.87
25.74
7.436
5.423
28.43
29.43
28.11
16.54
7.539
19.74
21.77
10.95
18.06
19.11
2.619
11.77
28.07
7.988
22.42
3.45
7.195
22.87
13.44
13.73
12.75
6.867
8.383
18.2
19.17
16.11
12.7
16.36
8.354
0.741
13.47
8.567
19.85
8.92
29.72
1.659
14.73
0.074
5.609
27.31
9.402
6.074
17.29
24.12
9.084
11.66
6.096
21.76
15.13
14.79
14.76
7.928
4.046
14.47
1.326
14.63
29.32
15.6
8.379
10.09
1.76
16.21
13.01
9.739
6.447
18.14
4.61
15.88
25.07
17.08
4.246
18.61
11.33
16.87
10.94
17.56
28.98
18.16
17.27
17.99
19.22
17.17
13.06
21.87
19.28
7.761
1.917
16.23
21.14
12.99
13.12
19.76
21.37
8.866
15.63
18.59
16.74
29.62
9.797
9.769
17.54
6.667
29.67
21.43
13.88
12.8
16.95
13.97
14.26
3.396
11.62
10.15
9.799
11.15
17.95
18.53
11.4
18.84
14.74
25.19
5.636
14.06
12.21
14.15
13.17
18.64
15.41
28.54
14.87
15.14
15.1
15.4
10.01
15.24
15.94
15.33
16.75
10.19
14.47
15.57
14.52
14.98
8.574
21.08
16.22
27.52
13.07
16.8
18.38
15.43
18.39
24.02
16.11
14.82
20.66
28.15
24.45
28.41
4.611
8.15
15.17
28.2
27.61
29.23
18.37
28.4
17.59
27.53
26.81
28.84
23.97
23.06
28.21
14.94
19.95
17.49
20
11.98
15.6
28.62
10.18
14.95
28.78
14.21
21.6
26.08
25.22
25.26
15.01
5.473
15.63
29.32
21.19
15.47
5.958
15.84
14.51
23.42
14.1
14.94
16.11
16.72
15.02
20.23
22.1
21.2
14.14
20.61
15.79
20.06
1.683
6.041
2.922
16.04
16.04
22.17
5.197
20.38
2.931
15.62
3.831
19.48
9.253
21.84
15.74
21.07
14.88
3.288
20.17
23.32
17.59
18.28
21.13
26.68
23.95
25.79
29.24
17.5
27.46
25.94
22.08
15.92
22.49
21.29
21.94
19.99
20.14
19.6
18.06
14.42
21.66
13.85
14.25
20.28
20.55
21.78
17.46
20.96
19.21
21.19
26.97
16.98
18.05
14.84
10.64
20.62
23.59
29.87
19.25
14.76
14.39
16.64
17.4
17.38
28.92
21.61
19.36
19.25
1.048
17.68
8.29
13.07
19.79
11.39
14.97
8.955
11.41
20.55
16.19
29.43
8.674
23.45
19.59
16.16
16.46
29.33
14.83
15
22.62
21.4
20.39
18.63
8.215
22.38
6.118
25.41
14.92
15.6
15.75
5.93
20.35
14.76
5.249
14.5
25.77
15.11
10.96
15.23
1.061
14.69
7.792
13.79
28.43
14.28
6.555
26.47
0.288
28.86
14.53
15.22
28.65
22.32
11.85
7.732
5.728
1.007
29.75
22.98
26.02
24.4
7.374
10.02
13.07
9.105
12.29
15.09
24.07
21.49
27.47
14.31
14.47
8.005
7.742
24.55
25.39
15.68
6.43
15.14
14.32
8.884
12.16
14.94
20.04
4.816
2.127
14.89
1.51
2.128
13.6
24.84
10.11
15.08
25.39
18.4
15.14
6.918
15.97
21.35
28.87
5.396
12.05
8.812
14.72
15.18
28.6
29.33
14.93
9.569
13.27
26.31
14.76
13.94
16.02
11.2
14.19
9.001
11.42
24.72
12.1
17.25
15.26
24.11
14.75
14.07
19.04
13.03
21.92
12.87
16.82
12.84
10.11
15.5
14.15
13.51
15.06
20.27
13.41
17.64
13.52
24.82
16.07
14.59
15.56
19.49
14.75
20.54
13.07
17.43
20.12
14.93
13.5
15.44
27.27
15.59
1.976
27.06
15.64
15.63
27.29
15.14
17.84
15.98
12.85
12.17
16.75
9.471
0.871
9.223
11.85
9.94
11.43
25.57
14.68
6.833
17.08
2.403
26.23
29.78
29.52
28.1
7.265
14.71
8.081
28.14
1.678
14.09
27.78
26.63
28.28
28.14
28.29
29.24
14.78
29.47
27.08
17
27.06
26.2
27.42
0.938
20.67
29.46
25.79
15.07
26.03
26.34
29.55
14.99
14.99
15
62.45
82.51
33.8
11.21
84.32
35.53
4.762
5.295
30.36
1.555
1.939
31.55
54.56
3.615
6.032
35.24
11.58
33.98
5.261
31.34
139.6
119.8
7.786
24.35
114.2
103.4
93.22
93.28
34.97
6.48
33.24
11.58
10.77
8.342
13.31
19.81
9.709
39.94
33.04
11.06
8.761
9.834
79.02
81.23
36.23
9.05
8.739
31.74
76.38
41.57
59.18
34.01
38.37
40.41
77.04
29.65
22.06
35.03
60.06
75.17
79.86
33.46
47.14
23.54
3.57
34.3
34.3
33.44
17.75
37.71
98.74
13.1
77.22
37.46
87.89
36.8
19.87
40.89
77.16
73.37
33.66
37.14
42.6
22.75
39.29
33.52
38.41
34.42
71.77
34.12
44.23
3.087
37.79
39.24
44.86
35.81
54.56
39.45
42.78
38.83
36.04
77.48
36.99
27.27
42.1
38.59
38.95
30.98
31.83
82.93
28.25
71.21
40.56
30.79
31.3
75.92
32.52
44.19
31.56
43.74
92.83
80.08
31.03
30.78
31.58
32.76
43.68
39.36
31.93
30.27
104.6
25.2
8.485
24.64
45.41
85.62
76.28
12.98
33.63
40.25
32.69
41.99
29.01
6.498
113.6
30.08
30.88
49.95
87.99
31.81
84.05
40.25
99.19
33.5
27.18
19.5
17.89
42.46
89.92
33.07
21.33
88.32
33.98
91.55
23.07
27.6
81.57
106.1
30.31
92.44
22.51
93.12
26.19
24.38
40.8
23.79
81.83
31.37
42.54
1.686
26.75
81.91
6.571
114.4
23
36.85
5.902
30.32
39.08
114.5
30.29
143.5
97.68
3.052
3.709
3.236
20.72
19.5
96.16
111.5
21.42
111.1
7.253
4.37
114.4
143.9
2.656
7.185
59.32
8.399
41.42
7.639
3.261
84.76
86.45
4.936
60.73
55.18
44.23
55.63
2.99
117.5
67.7
77.65
101.8
97.95
84.21
5.816
18.55
3.648
139.1
7.95
3.266
5.506
9.363
140.5
74.41
141.2
139.8
53.38
138.3
88.02
107
103.7
84.12
50.23
10.55
44.62
45.57
149.9
60.73
7.081
55.64
47.21
144.8
34.89
47.23
59.74
116.7
74.6
92.45
35.93
34.6
71.18
36.82
38.05
82.21
91.43
36.61
25.87
93.45
55.29
33.93
35.77
75.65
101.7
40.44
101.5
50.41
32.49
77.98
43.01
70.42
70.67
72.78
42.37
137
26.3
43.23
42.96
3.935
75.95
78.76
76.52
82.58
81.37
60.98
39.58
138.5
39.8
80.46
39.72
39.08
77.49
76.41
35.84
78.46
139.2
35.94
11.67
8.133
11.25
34.8
74.26
52.94
10.07
141.9
71.98
7.925
12.41
9.652
11.43
11.08
13.11
72.66
12.83
11.22
83.57
11.91
10.09
9.454
29.11
12.01
13.47
7.771
74.33
9.163
8.692
18.81
74.94
75
75
75.13
78.45
46.61
71.86
3.5
4.923
78.39
5.58
6.29
95.27
12.21
8.905
89.69
78.45
74.44
93.16
106.9
85.45
35.96
4.901
96.19
7.413
103.3
4.756
76.38
108
93.53
104.4
71.49
8.941
38.64
7.266
83.32
148.2
99.77
1.294
10.37
92.03
112.7
37.18
92.46
76.79
142.8
8.692
41.31
78.6
9.787
44.47
82.54
112.8
88.29
107.3
13
37.89
112.8
70.77
78.63
44.06
127.2
10.83
96.39
113
38.6
37.52
15.11
39.74
129.1
43.98
95.17
37.34
8.283
114.2
37.44
2.545
112
0.758
107.2
3.833
41.29
36.54
3.396
35.89
3.611
38.31
101.5
61.17
9.062
146.6
3.14
75.16
103.2
7.575
19.87
91.94
93.45
34.57
38.85
30.37
4.627
85.33
99.89
97.41
31.23
40.99
39.79
37.11
32.16
0.37
121.1
34.6
47.56
36.64
24.96
45
41.35
52.05
33.29
35.16
70.2
34.8
37.87
39.71
45.24
6.286
35.93
99.9
39.95
42.15
4.63
46.99
52.3
21.38
35.29
108.7
37.46
4.583
49.3
53.31
6.264
15.23
142.3
33.5
4.623
40.79
45.42
34.41
38.7
4.557
4.741
4.32
21.03
30.58
30.33
5.7
6.5
33.01
71.01
34.34
146.4
34.56
38.97
29.78
5.094
118.5
52.63
34.33
9.972
3.788
42.3
21.21
44.06
26.68
27.09
0.051
118.8
22.81
34.87
86.34
139.1
35.48
21.97
145.4
95.17
37.7
32.83
20.18
129
119.5
33.44
33.76
12.48
140.1
91.48
8.743
30.29
56.36
5.691
147.4
3.342
109.7
136
7.389
48.4
10.46
13.04
32.69
13.06
142.7
127.7
15.38
139
35.26
55.53
2.917
7.885
137.6
17.24
21.28
17.56
10.01
55.54
131.5
27.62
128.7
9.955
9.092
134.4
132.6
50.56
8.424
133.1
116.1
131.9
6.568
99.2
119.4
132.4
145.9
101.5
131.9
128.9
46.26
56.74
57.82
87.26
9.943
132.1
132.8
29.02
8.318
140.7
4.451
148.7
143.5
51.29
139.3
49.42
5.957
53.99
51.18
137.4
133.1
104.1
42.82
97.47
14.72
128.4
132.9
133.3
46.02
120.9
51.82
56.51
54.5
134.8
131.6
43.55
44.51
101.2
53.9
57.18
59.32
57.46
38.02
56.64
15.68
58.85
35.84
127.5
44.24
145.8
38.9
60.43
56.44
137.4
99.46
126.9
53.85
40.59
48.17
40.84
70.73
42.09
48.94
41.31
45.61
37.06
138.4
41.36
41.8
52.23
76.57
98.82
88.97
35.56
22.02
43.87
39.7
53.82
46.36
106.5
41.2
45.24
42.78
69.77
96.65
44.8
142
9.728
41.94
131.5
41.9
43.21
42.24
109.7
40.61
103.4
101.4
27.16
49.14
138.5
51.77
41.55
42.81
144
29.53
45.11
33.12
117.7
44.97
21.83
67.76
34.21
99.49
43.4
45.64
97.18
83.11
44.91
34.09
45.58
148
13.5
109.1
107.3
50.41
47
88.53
33.42
12.05
119.8
67.34
99.25
106.9
110.4
97.26
108.4
71.73
8.017
56.03
7.992
39.65
7.993
10.22
37.42
11.95
11.41
103
7.292
13.12
7.138
13.42
38.26
10.63
12.45
16.09
107.6
37.31
9.21
12.5
11.49
78.3
11.5
16.26
126.4
106.3
38.9
13.17
134.9
45.26
8.241
37.47
9.624
85.74
7.884
40.72
105.2
7.589
9.218
3.314
9.505
9.983
15.04
15.08
3.793
15.18
4.982
6.562
14.05
7.163
10.21
15.17
23.38
12.94
12.36
13.92
16.99
11.06
19.16
15.54
21.46
2.322
9.96
4.857
1.651
6.583
14.76
5.307
20.88
15.39
15.21
13.06
16.02
16.7
11.99
2.36
0.172
15.39
10.37
22.86
2.733
14.51
14.59
16.09
20.36
17.89
12.61
10.85
6.702
7.606
12.52
10.89
7.628
21.35
10.04
15.51
10.2
19.17
25.37
9.541
11.45
8.183
19.12
1.397
5.617
6.533
12.68
21.26
2.221
14.48
16.27
18.98
9.734
9.007
10.53
9.339
5.412
7.423
4.281
6.296
23.75
20.61
13.41
19.95
10.46
22.34
8.055
15.58
19.53
14.44
14.83
17.53
3.823
9.546
28.95
28.3
15.45
14.72
16.66
13.41
4.42
13.72
1.439
14.95
18.85
18.42
17.31
3.642
13.56
10.59
19.64
14.97
18.28
25.45
7.277
19.9
22.61
21.55
23.4
13.87
3.958
12.78
19.32
3.446
22.87
0.515
21.8
3.242
18.37
11.65
1.286
17.38
27.51
23.1
22.69
23.16
21.47
7.317
28.58
12.73
17.82
18.57
24.56
19.41
4.259
17.34
21.46
18.84
27.03
3.227
6.298
24.63
14.77
14.58
11.29
0.081
0.237
16.17
26.82
15.66
20.91
11.06
23.45
11.22
1.878
19.83
18.05
13.73
7.081
11.85
26.83
11.17
10.98
17.4
10.46
12.52
6.85
12.7
12.94
16.41
27.19
18.36
11.73
8.842
15.01
24.97
12.88
13.9
22.41
19.82
7.868
13.5
26.98
26.11
4.695
14.56
27.15
2.205
4.692
17.87
10.96
8.464
29.7
4.446
9.974
10.52
11.2
21.63
11.2
24.93
16.09
16.56
19.87
3.227
8.222
7.354
5.862
6.035
13.26
16.52
23.53
0.551
7.215
9.955
22.19
18.3
14.76
0.9
10.13
11.14
9.149
3.174
9.357
14.04
13.87
3.453
15.18
21.46
14.45
12.5
14.94
11.53
15.52
9.504
12.39
7.482
16.68
3.446
11.35
13.28
26.74
14.78
15.12
29.93
25.01
11.53
9.891
12.42
27.86
1.368
9.412
12.36
14.69
10.58
15.06
11.76
15.28
17.71
3.267
11.05
10.5
25.57
15.53
11
10.84
10.96
8.203
10.34
14.53
11.63
15.53
10.67
10.21
10.07
10.66
13.62
10.37
7.86
9.681
25.47
2.904
27.24
26.38
13.47
15.2
10.57
7.658
18.49
7.536
11.58
23.29
19.43
13.68
14.85
15.33
20.69
13.72
16.74
14.26
6.295
13.66
22.33
15.54
14.9
28.61
25.81
14.84
17.64
15.09
10.56
12.62
29.03
14.94
14.07
13.53
15.29
14.14
19.39
6.995
5.8
3.383
14.74
1.508
14.85
16.42
15.08
14.58
15.2
23.3
15.6
26.45
14.78
18.58
8.229
15.59
15.33
15.22
15.08
15.17
3.053
0.428
24.56
24.59
19.6
1.79
14.83
16.31
10.35
15.17
2.435
10.13
0.593
15.87
3.383
29.62
15.43
12.37
14.42
16.39
15.29
0.563
26.86
4.015
14.47
15.89
14.99
25.23
15.14
14.67
12.91
27.87
18.07
28.38
10.28
28.22
21.8
3.562
28.46
28.33
14.8
29.83
29.86
28.84
29.45
8.694
27.31
28.8
29.98
15.5
5.253
28.06
27.44
27.48
15.13
27.45
27.89
5.875
15.23
9.737
28.36
1.834
18.72
26.57
5.359
27.48
15.35
25.59
7.705
10.45
25.52
25.33
4.539
25.08
25
14.01
15
6.881
6.338
3.438
15.98
4.255
3.069
3.997
15.1
11.54
17.15
13.8
14.87
17.98
11.34
12.23
3.508
1.787
24.77
3.395
25.07
12.14
13.74
9.514
11.05
14.54
26.4
7.904
14.98
19.47
19.75
1.18
5.758
13.9
8.024
29.46
21.32
19.55
16.68
15.96
6.215
5.695
16.79
9.592
8.433
10.46
14.09
2.398
16.89
4.854
12.63
25.24
15.2
29.36
17.6
20.85
7.175
27.39
4.419
26.93
3.715
20.02
28.68
19.08
15.22
15.35
14.46
2.726
24.73
2.259
8
1.002
25.6
5.995
20.73
7.011
21.2
3.557
22.38
20.77
23.53
0.238
5.913
1.849
4.182
5.844
15.18
19.7
9.647
15.71
16.12
15.24
10.32
19.93
4.484
16.45
13.08
22.32
11.17
11.32
5.042
11.28
15.89
17.16
22.64
22.53
5.628
14.99
10.75
13.27
20.61
19.59
24.68
23.18
12.24
19.21
20.34
5.297
20.62
10.65
16.22
20.31
20.07
5.707
13
26.63
13.01
27.63
14.49
29.29
11.38
11.84
14.51
14.74
1.792
13.64
23.92
15.13
25.76
13.05
20.55
10.11
14.57
10.29
14.82
5.742
14.86
27.09
7.826
10.86
14.89
2.455
15.36
11.13
13.67
2.171
8.989
9.66
8.299
15.05
14.96
14.29
6.163
10.85
26.39
15.79
14.32
5.155
15.42
5.289
5.718
15.33
8.148
2.365
28.48
22.41
15.17
12.67
15.03
29.89
15.2
29.97
14.81
14.4
1.335
25.98
28.93
15.02
26.5
26.43
0.98
15.14
15.11
15.21
14.97
15.24
15.01
15.07
25.12
14.8
1.199
14.95
17.12
3.95
3.378
26.02
15.01
8.705
6.987
8.326
6.997
14.97
19.94
2.34
6.508
14.37
5.545
3.328
7.052
3.623
1.326
5.277
14.45
6.805
1.982
14.87
14.99
11.35
10.19
6.113
17.34
14.99
9.62
19.27
3.869
14.69
8.455
6.685
11.61
9.248
2.226
17.91
14.95
14.82
25.85
21.29
24.72
4.274
14.52
10.5
14.72
15.43
15.19
22.71
11.02
6.263
14.96
22.11
14.44
14.09
4.866
11.8
15.37
21.35
9.458
15.13
7.543
13.57
16.09
10.66
15.18
15.41
6.139
25.76
20.53
6.269
14.01
23.59
13.71
8.537
15.01
2.339
24.9
29.78
8.357
27.69
9.438
19.61
15.43
18.28
26.2
15.73
21.5
5.224
11.02
17.58
27.51
8.914
29.44
29.32
1.618
6.569
7.187
8.87
14.56
13.07
14.92
20.61
4.967
21.42
1.248
29.62
18.74
18.08
1.17
12.35
27.43
2.864
28.53
15.05
22.49
14.87
14.53
7.084
22.84
17.42
14.24
14.85
16.28
15.02
0.935
9.765
15.2
10.43
13.9
27.73
15.91
9.798
24.94
5.052
16.66
14.43
15.34
7.447
11.31
15.35
14.4
15.31
12.08
24
8.575
25.24
22.2
24.66
14.69
13.96
22.66
11.49
2.194
14.8
12.62
17.49
5.892
16.1
14.74
17.12
26.3
18.17
13.55
17.66
19.83
15.9
11.12
14.33
11.27
20.9
1.994
3.401
2.347
14.53
3.882
14.35
20.76
5.965
18.1
10.47
6.154
11.78
5.929
25.55
14.21
1.424
15.05
18.48
7.907
6.95
11.64
14.54
11.56
1.081
0.095
17.22
3.716
11.29
15.06
11.49
14.66
16.92
4.726
2.917
11.27
3.473
15.09
14.67
26.05
13.23
14.75
15.25
7.644
14.95
15.58
1.944
1.235
10.67
20.92
15
15.34
14.97
12.05
2.53
14.77
4.709
12.79
5.945
8.864
14.55
14.11
14.51
11.67
0.23
29.96
4.52
4.819
1.531
26.61
12.43
11.73
1.154
27.45
15
8.111
25.32
4.369
14.99
12.61
25.18
12.2
16.92
3.884
22.74
20.89
6.756
4.567
15
1.36
15.58
15.1
7.14
11.25
18.22
27.01
15.26
17.51
1.668
26.83
14.24
13.95
18.8
16.89
11.15
15.44
15.02
15.74
19.34
15.1
15.11
18.6
12.02
22.76
10.78
14.9
27.76
14.53
9.723
15
14.81
21.07
8.103
27.26
14.98
23.27
10.35
12.04
23.08
10.38
7.939
24.77
15.18
15
15.2
2.113
15.2
12.05
8.358
28.03
14.8
9.503
13.67
3.711
10.82
14.8
27.33
14.56
21.05
19.24
10.78
6.237
23.28
12.98
13.58
15.61
20.43
1.081
28.64
9.629
13.62
13.4
18.65
7.524
16.49
17.95
3.186
15.62
12.93
17.22
14.35
8.161
5.985
10.18
21.27
20.97
15.19
25.59
15.06
17.14
23.56
23.59
15.81
21.75
17.92
6.392
21.4
14.84
14.11
15.34
14.62
12.15
11.15
25.32
10.68
20.88
19.5
17.29
28.96
14.8
13.72
7.935
7.152
13.34
15.49
15.43
25.51
15.21
14.81
15.42
17.96
15.54
17.95
4.095
14.44
24.55
3.074
27.85
8.824
15.81
15.68
1.002
14.47
18.91
14.73
9.734
28.19
26.05
29.65
11.29
10.89
11.79
12
14.63
1.712
11.06
14.93
15.01
11.79
15.27
2.745
5.406
10.75
15.14
6.02
18.01
21.05
18.38
21.43
28.66
15.29
14.97
14.59
4.731
0.683
8.85
8.792
13.42
17.84
17.84
17.6
14.67
7.26
5.011
15.58
14.24
14.85
15.59
14.79
26.5
2.315
14.96
5.362
24.31
7.62
15.13
2.306
6.599
8.428
8.838
15.31
20.6
0.697
15.14
8.842
15.11
28.73
14.58
5.82
25.04
15.17
3.039
15.21
14.86
14.89
27.82
10.62
22.5
15.19
15.12
14.97
3.701
15.13
1.577
15.04
4.187
12.79
15.27
14.85
11.32
15.37
29.35
12.9
2.239
14.87
14.82
15.12
27.25
13.81
14.46
14.9
23.34
14.87
28.03
15.03
15
7.075
15.42
23.84
26.07
18.89
21.13
15.68
6.344
3.6
3.87
29.05
4.452
5.542
5.523
8.806
4.327
6.464
4.533
10.06
3.262
5.669
16.64
18.61
1.855
8.068
3.257
7.183
6.922
4.724
5.057
18.19
5.836
7.758
1.848
4.577
3.202
4.695
12.99
7.371
2.868
12.32
1.721
3.626
2.008
4.123
7.449
21.8
13.39
5.406
25.48
26.66
2.662
3.492
8.757
18.02
17.62
12.13
25.4
5.541
10.38
10.12
5.007
11.01
25.73
4.011
21.64
21.99
9.257
4.694
23.32
9.088
19.59
28.87
22.94
16.76
20.66
5.607
21.75
6.853
11.11
17.72
8.067
21.29
6.995
17.7
7.242
17.68
21.12
28.39
4.018
10.13
29.13
16.49
4.003
4.426
7.916
22.74
10.44
10.03
28.98
18.27
4.019
4.303
5.742
19.33
20.2
19.44
17.22
22.79
7.67
27.37
22.45
6.503
13.12
23.84
29.24
21.09
9.545
2.218
21.36
20.59
13.26
16.54
24.73
8.224
22.03
29.96
20.6
24.07
2.898
22.25
15.6
0.274
25.88
20.73
23.41
16.6
25.2
26.57
24.28
19.89
2.322
8.96
27.93
25.64
27.89
15.19
24.13
0.949
25.79
3.987
3.493
23.52
21
20.79
16.32
23.44
28.63
18.68
14.53
29.78
21.8
7.822
21.51
5.469
3.276
23.76
25.75
9.198
25.98
22.46
17.52
13.33
26.21
20.53
26.53
26.37
11.43
9.255
27.59
0.219
2.116
29.01
7.798
4.487
24.69
10.92
17.83
20.32
23.53
25.38
21.75
24.55
24.83
3.086
19.68
25.49
6.243
28.91
14.23
17.55
19.17
29.71
11.85
17.05
24.07
3.53
6.976
27.4
19.68
19.11
15.41
20.58
14.01
13.48
18.67
24.74
24.95
17.17
19.42
16.54
22.71
15.56
2.397
18.41
6.974
24.06
21
26.36
10.2
29.45
24.78
2.617
28.53
24.76
28.5
18.64
29.02
14.29
23.68
26.66
16.5
15.79
10
13.25
22.67
24.19
5.177
17.55
4.951
14.28
14.71
25.18
12.82
10.06
14.76
14.76
14.45
13.86
1.357
28.44
14.84
14.84
24.57
7.513
20.52
11.9
2.664
19.17
12.18
3.658
7.448
25.84
13.7
20.11
28.3
13.64
12.94
25.53
13.29
21.98
17.43
24.28
25.4
19.42
28.91
19.75
21.69
25.45
14.74
27.59
4.033
21.58
26.14
14.96
10.56
15.83
27.06
3.155
13.22
10.6
22.45
26.14
10.8
4.4
27.99
11.5
17.54
10.64
29.14
29.63
18.24
14.92
25.08
28.19
16.9
18.24
12.66
29.81
29.69
12.85
2.654
26.55
21.62
10.81
12.09
18.12
29.48
23.94
11.33
10.39
10.21
18.36
22.94
21.63
10.31
8.378
6.488
11.1
8.196
7.26
25.21
20.74
8.568
14.76
23.5
23.69
10.92
8.218
28.47
11.32
11.33
26.24
11.91
1.397
11.57
22.08
29.43
10.61
18.86
23.61
22.22
21.16
1.617
12.35
13.51
11.26
12.23
6.006
12.26
11.27
20.49
3.577
6.727
10.35
12.2
12.36
12.52
0.507
20.25
14.31
12.13
19.54
15.86
12.81
15.85
12.36
9.421
1.34
11.77
8.305
11.39
2.445
8.415
9.912
7.022
19.96
13.14
5.691
7.251
23.56
12.47
15.15
9.932
10.8
19.87
7.605
10.96
1.673
7.202
10.32
12.31
19.26
13.36
12.99
12.13
14.56
16.8
12.27
13.35
23.3
12.61
28.98
27.12
1.387
15.59
6.403
19.94
15.42
9.022
18.1
10.91
19.47
15.07
2.692
19.22
27.44
16.26
18.91
13.1
16.61
12.71
8.989
13.08
12.82
8.043
5.083
5.182
19.07
3.976
11.81
12.43
8.217
22.55
2.499
20.43
18.75
20.83
25.52
27.82
17.76
22.11
21.96
11.95
9.026
13.89
4.246
12.15
19.17
15.54
12.67
21.43
21.76
20.12
25.49
5.331
15.92
13.87
7.647
23.93
16.36
8.088
13.88
7.92
11.64
11.36
19.48
14.86
0.398
13.97
15.49
29.02
4.596
21.43
28.19
5.103
11.54
21.44
15.64
4.757
15.69
13.08
17.8
23.92
13.4
10.16
16.78
10.4
14.72
6.034
10.99
10.59
13.37
7.382
12.42
20.31
25.72
21.89
18.51
7.111
28.46
8.9
24.84
16.83
28.68
13.06
16.48
6.981
6.72
17.23
13.7
13.63
12.66
22.54
10.61
2.257
10.78
8.09
19.43
19.43
12.8
13.54
17.53
1.316
11.07
12.5
15.04
6.221
14.66
16.11
15.18
13.43
8.443
13.42
4.716
16.92
16.91
11.8
28.27
8.208
17.45
12.47
8.151
20.13
16.83
24.62
27.9
18.88
15.53
3.533
2.539
18.17
11.14
23.25
19.93
22.44
12.71
19.45
11.88
13.47
13.42
8.099
4.617
1.337
13.99
26.76
19.02
2.7
26.34
27.97
16.33
13.5
20.04
9.983
7.079
9.804
26.61
16.62
18.45
16.62
24.78
3.821
6.141
15.69
26.59
13.75
14.63
28.78
11.8
16.36
12.94
16.41
13.84
18.41
15.49
16.66
24.63
25.8
23.66
21.5
28.77
16.08
13.07
12.42
13.73
27.87
18.49
2.117
21.85
4.529
19.09
18.07
6.886
14.67
18.24
3.475
15.57
24.86
0.229
12.99
13.01
23.79
16.44
19.46
20.21
14.77
19.74
10.21
0.816
15.09
20.14
10.38
22.59
14.95
15.71
12.08
9.17
10.76
11.16
20.4
24.66
1.764
12.02
9.834
18.82
15.54
5.661
22.78
20.54
27.36
25.74
15.68
5.743
19.07
15.31
14.42
25.03
9.68
4.428
22.52
24.2
18.52
11.57
17.82
19.79
2.041
1.975
17.8
27.35
1.616
22.1
4.676
8.011
20.01
3.186
2.148
1.036
23.09
9.9
4.535
19.31
23.3
16.59
7.428
10.89
5.036
7.045
6.052
1.955
5.877
29.31
14.22
8.534
3.757
17.68
13.37
29.93
26.31
3.554
24.5
29.8
9.359
5.971
28.61
8.032
5.425
5.411
5.668
14.71
1.517
24.91
14.75
28.7
8.393
25.2
20.56
7.442
28.41
21.28
3.457
24.85
26.54
21.76
3.025
2.213
4.242
10.5
15.33
15.03
29.89
15.15
27.78
21.48
20.35
14.97